u = [0;0;-29.4978804974927;59.9994340573786;0;-0.200000000000000;0.200000000000000]